[0.         0.00916843 0.01833686 0.02750529 0.03667371 0.04584214
 0.05501057 0.064179   0.07334743 0.08251586 0.09168429 0.10085271
 0.11002114 0.11918957 0.128358   0.13752643 0.14669486 0.15586329
 0.16503171 0.17420014 0.18336857 0.19061685 0.19786513 0.20511341
 0.21236169 0.21960997 0.22685825 0.23410653 0.24135481 0.24860309
 0.25585136 0.26309964 0.27034792 0.2775962  0.28484448 0.29209276
 0.29934104 0.30658932 0.3138376  0.32108588 0.32833416 0.33805874
 0.34778333 0.35750792 0.36723251 0.37695709 0.38668168 0.39640627
 0.40613085 0.41585544 0.42558003 0.43530461 0.4450292  0.45475379
 0.46447838 0.47420296 0.48392755 0.49365214 0.50337672 0.51310131
 0.5228259  0.53076599 0.53870608 0.54664617 0.55458627 0.56252636
 0.57046645 0.57840654 0.58634663 0.59428673 0.60222682 0.61016691
 0.618107   0.6260471  0.63398719 0.64192728 0.64986737 0.65780746
 0.66574756 0.67368765 0.68162774]
[[-1.01441013e-05 -1.01084201e-05 -8.15870726e-06  4.90520971e+02
   4.90520971e+02  4.90520971e+02]
 [ 1.72142022e+01  1.72142022e+01  2.52858373e+01  4.90204216e+02
   4.90204216e+02  4.90505177e+02]
 [ 3.41801252e+01  3.41801252e+01  5.04724835e+01  4.89260813e+02
   4.89260813e+02  4.90438388e+02]
 [ 5.06529919e+01  5.06529919e+01  7.54594060e+01  4.87712036e+02
   4.87712036e+02  4.90264682e+02]
 [ 6.63948445e+01  6.63948445e+01  1.00144059e+02  4.85595491e+02
   4.85595491e+02  4.89898115e+02]
 [ 8.11776282e+01  8.11776282e+01  1.24422393e+02  4.82967793e+02
   4.82967793e+02  4.89232323e+02]
 [ 9.47862686e+01  9.47862686e+01  1.48190774e+02  4.79907203e+02
   4.79907203e+02  4.88151668e+02]
 [ 1.07022322e+02  1.07022322e+02  1.71349206e+02  4.76515187e+02
   4.76515187e+02  4.86542293e+02]
 [ 1.17709149e+02  1.17709149e+02  1.93805440e+02  4.72915613e+02
   4.72915613e+02  4.84301630e+02]
 [ 1.26699759e+02  1.26699759e+02  2.15479320e+02  4.69250362e+02
   4.69250362e+02  4.81345338e+02]
 [ 1.33888300e+02  1.33888300e+02  2.36306661e+02  4.65670482e+02
   4.65670482e+02  4.77611183e+02]
 [ 1.39225325e+02  1.39225325e+02  2.56241961e+02  4.62322988e+02
   4.62322988e+02  4.73059887e+02]
 [ 1.42735419e+02  1.42735419e+02  2.75259500e+02  4.59334897e+02
   4.59334897e+02  4.67673376e+02]
 [ 1.44533871e+02  1.44533871e+02  2.93352599e+02  4.56797742e+02
   4.56797742e+02  4.61451157e+02]
 [ 1.44837504e+02  1.44837504e+02  3.10531175e+02  4.54405606e+02
   4.54756711e+02  4.54756711e+02]
 [ 1.43964448e+02  1.43964448e+02  3.26817937e+02  4.46556967e+02
   4.53207914e+02  4.53207914e+02]
 [ 1.42318682e+02  1.42318682e+02  3.42243813e+02  4.37928628e+02
   4.52105022e+02  4.52105022e+02]
 [ 1.40357078e+02  1.40357078e+02  3.56843219e+02  4.28543089e+02
   4.51373638e+02  4.51373638e+02]
 [ 1.38539259e+02  1.38539259e+02  3.70649724e+02  4.18418777e+02
   4.50929734e+02  4.50929734e+02]
 [ 1.37264633e+02  1.37264633e+02  3.83692521e+02  4.07567703e+02
   4.50698009e+02  4.50698009e+02]
 [ 1.36807166e+02  1.36807166e+02  3.95993894e+02  3.95993894e+02
   4.50626865e+02  4.50626865e+02]
 [ 1.37787039e+02  1.37796817e+02  3.92424220e+02  3.98371414e+02
   4.50797676e+02  4.50806265e+02]
 [ 1.40629314e+02  1.40708740e+02  3.87757656e+02  3.99535217e+02
   4.51274562e+02  4.51334041e+02]
 [ 1.45084232e+02  1.45359216e+02  3.82140749e+02  3.99547273e+02
   4.51993096e+02  4.52150010e+02]
 [ 1.50792997e+02  1.51468490e+02  3.75753457e+02  3.98538747e+02
   4.52890723e+02  4.53147933e+02]
 [ 1.57326603e+02  1.58707310e+02  3.68803737e+02  3.96679365e+02
   4.53917874e+02  4.54204559e+02]
 [ 1.64215892e+02  1.66735193e+02  3.61533109e+02  3.94148887e+02
   4.55039630e+02  4.55207015e+02]
 [ 1.70967932e+02  1.75224234e+02  3.54228017e+02  3.91121495e+02
   4.56067812e+02  4.56232279e+02]
 [ 1.77073366e+02  1.83869383e+02  3.47230090e+02  3.87762286e+02
   4.56728250e+02  4.57478108e+02]
 [ 1.82017326e+02  1.92389397e+02  3.40934847e+02  3.84230403e+02
   4.57155536e+02  4.58760312e+02]
 [ 1.85312720e+02  2.00522996e+02  3.35763236e+02  3.80683963e+02
   4.57337917e+02  4.60058883e+02]
 [ 1.86572158e+02  2.08024257e+02  3.32092323e+02  3.77283479e+02
   4.57280060e+02  4.61347839e+02]
 [ 1.85609771e+02  2.14660739e+02  3.30155541e+02  3.74191188e+02
   4.56999444e+02  4.62593937e+02]
 [ 1.82522098e+02  2.20217568e+02  3.29964109e+02  3.71563866e+02
   4.56523848e+02  4.63756866e+02]
 [ 1.77689197e+02  2.24509677e+02  3.31308534e+02  3.69537376e+02
   4.55889788e+02  4.64790799e+02]
 [ 1.71695180e+02  2.27401523e+02  3.33840026e+02  3.68203948e+02
   4.55141676e+02  4.65647118e+02]
 [ 1.65225290e+02  2.28828681e+02  3.37172339e+02  3.67587930e+02
   4.54331422e+02  4.66278026e+02]
 [ 1.58987162e+02  2.28811645e+02  3.40951955e+02  3.67629928e+02
   4.53518152e+02  4.66640703e+02]
 [ 1.53659699e+02  2.27453581e+02  3.44886772e+02  3.68187905e+02
   4.52767542e+02  4.66701669e+02]
 [ 1.49848898e+02  2.24921650e+02  3.48747937e+02  3.69056213e+02
   4.52150082e+02  4.66440972e+02]
 [ 1.48034943e+02  2.21419791e+02  3.52360718e+02  3.69995377e+02
   4.51737417e+02  4.65855868e+02]
 [ 1.49927675e+02  2.30750365e+02  3.41793743e+02  3.68998716e+02
   4.52789959e+02  4.67873041e+02]
 [ 1.51281357e+02  2.34615212e+02  3.30847662e+02  3.71969223e+02
   4.54239899e+02  4.69446107e+02]
 [ 1.51913763e+02  2.33033152e+02  3.19655572e+02  3.78925286e+02
   4.56086817e+02  4.70574417e+02]
 [ 1.51666884e+02  2.27121557e+02  3.08308451e+02  3.88851645e+02
   4.58299226e+02  4.71292701e+02]
 [ 1.50409233e+02  2.18315699e+02  2.96838020e+02  4.00427544e+02
   4.60819352e+02  4.71672094e+02]
 [ 1.48036870e+02  2.07784183e+02  2.85198794e+02  4.12569924e+02
   4.63570834e+02  4.71820524e+02]
 [ 1.44473591e+02  1.96292851e+02  2.73256157e+02  4.24541275e+02
   4.66467721e+02  4.71878883e+02]
 [ 1.39670570e+02  1.84269261e+02  2.60787467e+02  4.35872593e+02
   4.69423148e+02  4.72009843e+02]
 [ 1.33605640e+02  1.71897721e+02  2.47500942e+02  4.46272753e+02
   4.72356388e+02  4.72377926e+02]
 [ 1.26282301e+02  1.59200860e+02  2.33071887e+02  4.55566857e+02
   4.73122810e+02  4.75197502e+02]
 [ 1.17728522e+02  1.46105646e+02  2.17189398e+02  4.63660995e+02
   4.74331846e+02  4.77889385e+02]
 [ 1.07995356e+02  1.32496737e+02  1.99602175e+02  4.70523714e+02
   4.76020011e+02  4.80387521e+02]
 [ 9.71553618e+01  1.18258031e+02  1.80152550e+02  4.76176084e+02
   4.78123909e+02  4.82658115e+02]
 [ 8.53008480e+01  1.03302357e+02  1.58793075e+02  4.80511337e+02
   4.80684632e+02  4.84675435e+02]
 [ 7.25419312e+01  8.75897019e+01  1.35586584e+02  4.83002559e+02
   4.84153347e+02  4.86419156e+02]
 [ 5.90044100e+01  7.11353769e+01  1.10694838e+02  4.85396616e+02
   4.86712679e+02  4.87872326e+02]
 [ 4.48274646e+01  5.40101169e+01  8.43615702e+01  4.87496654e+02
   4.88505000e+02  4.89020260e+02]
 [ 3.01611965e+01  3.63343083e+01  5.68941366e+01  4.89130643e+02
   4.89667450e+02  4.89850380e+02]
 [ 1.51640295e+01  1.82682569e+01  2.86459097e+01  4.90166351e+02
   4.90314214e+02  4.90352763e+02]
 [-1.01441013e-05 -1.01084201e-05 -8.15870726e-06  4.90520971e+02
   4.90520971e+02  4.90520971e+02]
 [ 1.32712888e+01  1.32712888e+01  2.39105938e+01  4.90342013e+02
   4.90367292e+02  4.90367292e+02]
 [ 2.63427392e+01  2.63427392e+01  4.76904801e+01  4.89796702e+02
   4.89912174e+02  4.89912174e+02]
 [ 3.90179856e+01  3.90179856e+01  7.12120523e+01  4.88860574e+02
   4.89173233e+02  4.89173233e+02]
 [ 5.11077972e+01  5.11077972e+01  9.43537922e+01  4.87495617e+02
   4.88179356e+02  4.88179356e+02]
 [ 6.24341183e+01  6.24341183e+01  1.17003029e+02  4.85654103e+02
   4.86969867e+02  4.86969867e+02]
 [ 7.28346562e+01  7.28346562e+01  1.39058354e+02  4.83283412e+02
   4.85593133e+02  4.85593133e+02]
 [ 8.21681447e+01  8.21681447e+01  1.60431566e+02  4.80331371e+02
   4.84104477e+02  4.84104477e+02]
 [ 9.03203054e+01  9.03203054e+01  1.81049021e+02  4.76751672e+02
   4.82563304e+02  4.82563304e+02]
 [ 9.72103615e+01  9.72103615e+01  2.00852218e+02  4.72508919e+02
   4.81029495e+02  4.81029495e+02]
 [ 1.02797715e+02  1.02797715e+02  2.19797429e+02  4.67583062e+02
   4.79559309e+02  4.79559309e+02]
 [ 1.07088113e+02  1.07088113e+02  2.37854069e+02  4.61973095e+02
   4.78201261e+02  4.78201261e+02]
 [ 1.10138358e+02  1.10138358e+02  2.55001333e+02  4.55700295e+02
   4.76992573e+02  4.76992573e+02]
 [ 1.12058419e+02  1.12058419e+02  2.71222214e+02  4.48811765e+02
   4.75956852e+02  4.75956852e+02]
 [ 1.13009716e+02  1.13009716e+02  2.86493175e+02  4.41386133e+02
   4.75103462e+02  4.75103462e+02]
 [ 1.13198426e+02  1.13198426e+02  3.00765752e+02  4.33545379e+02
   4.74428762e+02  4.74428762e+02]
 [ 1.12862848e+02  1.12862848e+02  3.13931733e+02  4.25481627e+02
   4.73919004e+02  4.73919004e+02]
 [ 1.12254418e+02  1.12254418e+02  3.25752818e+02  4.17518601e+02
   4.73554365e+02  4.73554365e+02]
 [ 1.11612977e+02  1.11612977e+02  3.35716865e+02  4.10246455e+02
   4.73313428e+02  4.73313428e+02]
 [ 1.11138656e+02  1.11138656e+02  3.42800874e+02  4.04750621e+02
   4.73177409e+02  4.73177409e+02]
 [ 1.10964905e+02  1.10964905e+02  3.45463777e+02  4.02612468e+02
   4.73133569e+02  4.73133569e+02]]
