[0.         0.00916625 0.01833251 0.02749876 0.03666501 0.04583127
 0.05499752 0.06416377 0.07333003 0.08249628 0.09166254 0.10082879
 0.10999504 0.1191613  0.12832755 0.1374938  0.14666006 0.15582631
 0.16499256 0.17415882 0.18332507 0.19057163 0.19781819 0.20506475
 0.21231131 0.21955787 0.22680443 0.23405099 0.24129755 0.24854411
 0.25579067 0.26303723 0.27028379 0.27753035 0.28477691 0.29202347
 0.29927003 0.30651659 0.31376315 0.32100971 0.32825627 0.33797855
 0.34770083 0.35742311 0.36714539 0.37686767 0.38658995 0.39631223
 0.40603451 0.41575679 0.42547907 0.43520135 0.44492363 0.45464591
 0.46436819 0.47409047 0.48381275 0.49353503 0.50325731 0.51297959
 0.52270187 0.53064008 0.53857828 0.54651649 0.5544547  0.56239291
 0.57033112 0.57826933 0.58620753 0.59414574 0.60208395 0.61002216
 0.61796037 0.62589858 0.63383679 0.64177499 0.6497132  0.65765141
 0.66558962 0.67352783 0.68146604]
[[4.57696679e-06 5.84793732e-06 9.13543571e-06 4.91056033e+02
  4.91056033e+02 4.91056033e+02]
 [1.69989862e+01 1.69989862e+01 2.46972086e+01 4.90738451e+02
  4.90738451e+02 4.91037396e+02]
 [3.37589804e+01 3.37589804e+01 4.93261647e+01 4.89792521e+02
  4.89792521e+02 4.90962287e+02]
 [5.00443550e+01 5.00443550e+01 7.38162543e+01 4.88239292e+02
  4.88239292e+02 4.90775238e+02]
 [6.56260644e+01 6.56260644e+01 9.80925929e+01 4.86115737e+02
  4.86115737e+02 4.90390615e+02]
 [8.02846927e+01 8.02846927e+01 1.22074950e+02 4.83477101e+02
  4.83477101e+02 4.89701761e+02]
 [9.38135413e+01 9.38135413e+01 1.45677755e+02 4.80399220e+02
  4.80399220e+02 4.88591942e+02]
 [1.06022278e+02 1.06022278e+02 1.68811283e+02 4.76979865e+02
  4.76979865e+02 4.86945592e+02]
 [1.16741977e+02 1.16741977e+02 1.91383935e+02 4.73338013e+02
  4.73338013e+02 4.84658517e+02]
 [1.25832557e+02 1.25832557e+02 2.13305402e+02 4.69609925e+02
  4.69609925e+02 4.81645886e+02]
 [1.33193436e+02 1.33193436e+02 2.34490392e+02 4.65941248e+02
  4.65941248e+02 4.77847267e+02]
 [1.38777504e+02 1.38777504e+02 2.54862547e+02 4.62475180e+02
  4.62475180e+02 4.73228342e+02]
 [1.42607151e+02 1.42607151e+02 2.74358131e+02 4.59338021e+02
  4.59338021e+02 4.67779380e+02]
 [1.44789328e+02 1.44789328e+02 2.92929127e+02 4.56624885e+02
  4.56624885e+02 4.61510896e+02]
 [1.45525205e+02 1.45525205e+02 3.10545388e+02 4.54389235e+02
  4.54389235e+02 4.54447258e+02]
 [1.45109515e+02 1.45109515e+02 3.27195556e+02 4.46619181e+02
  4.52639491e+02 4.52639491e+02]
 [1.43915620e+02 1.43915620e+02 3.42886555e+02 4.38056164e+02
  4.51344093e+02 4.51344093e+02]
 [1.42364254e+02 1.42364254e+02 3.57641576e+02 4.28779873e+02
  4.50443853e+02 4.50443853e+02]
 [1.40876719e+02 1.40876719e+02 3.71496583e+02 4.18799290e+02
  4.49868453e+02 4.49868453e+02]
 [1.39817253e+02 1.39817253e+02 3.84495589e+02 4.08108182e+02
  4.49553310e+02 4.49553310e+02]
 [1.39434586e+02 1.39434586e+02 3.96685079e+02 3.96685079e+02
  4.49453592e+02 4.49453592e+02]
 [1.40370203e+02 1.40381427e+02 3.93130964e+02 3.99009520e+02
  4.49655997e+02 4.49664364e+02]
 [1.43083639e+02 1.43174331e+02 3.88448045e+02 4.00087001e+02
  4.50222773e+02 4.50279126e+02]
 [1.47339374e+02 1.47650781e+02 3.82793289e+02 3.99993509e+02
  4.51077787e+02 4.51218749e+02]
 [1.52799573e+02 1.53556644e+02 3.76356870e+02 3.98877345e+02
  4.52144916e+02 4.52353565e+02]
 [1.59057315e+02 1.60586899e+02 3.69354444e+02 3.96921087e+02
  4.53361865e+02 4.53540412e+02]
 [1.65662617e+02 1.68420241e+02 3.62032546e+02 3.94310189e+02
  4.54653582e+02 4.54682585e+02]
 [1.72136982e+02 1.76741616e+02 3.54680638e+02 3.91218694e+02
  4.55599173e+02 4.56073808e+02]
 [1.77980604e+02 1.85252864e+02 3.47642116e+02 3.87808480e+02
  4.56316377e+02 4.57509753e+02]
 [1.82684217e+02 1.93674754e+02 3.41313435e+02 3.84234775e+02
  4.56772737e+02 4.58967040e+02]
 [1.85763911e+02 2.01744383e+02 3.36115618e+02 3.80652643e+02
  4.56958144e+02 4.60420653e+02]
 [1.86834700e+02 2.09211650e+02 3.32424707e+02 3.77221273e+02
  4.56879613e+02 4.61841243e+02]
 [1.85713438e+02 2.15838274e+02 3.30472096e+02 3.74103667e+02
  4.56557407e+02 4.63193828e+02]
 [1.82499896e+02 2.21402636e+02 3.30266744e+02 3.71459333e+02
  4.56022468e+02 4.64437848e+02]
 [1.77577646e+02 2.25712815e+02 3.31597563e+02 3.69428197e+02
  4.55314919e+02 4.65528453e+02]
 [1.71534706e+02 2.28627266e+02 3.34115023e+02 3.68106635e+02
  4.54483405e+02 4.66418856e+02]
 [1.65060711e+02 2.30077413e+02 3.37432607e+02 3.67521591e+02
  4.53584975e+02 4.67063499e+02]
 [1.58867373e+02 2.30082027e+02 3.41196695e+02 3.67613231e+02
  4.52685145e+02 4.67421772e+02]
 [1.53635288e+02 2.28744647e+02 3.45115306e+02 3.68235369e+02
  4.51857533e+02 4.67461976e+02]
 [1.49966946e+02 2.26233698e+02 3.48960151e+02 3.69174862e+02
  4.51182198e+02 4.67165234e+02]
 [1.48331697e+02 2.22753766e+02 3.52557649e+02 3.70182616e+02
  4.50741507e+02 4.66529050e+02]
 [1.49641174e+02 2.32029804e+02 3.42044582e+02 3.68993644e+02
  4.51819890e+02 4.68679651e+02]
 [1.50404938e+02 2.35821245e+02 3.31163122e+02 3.71809705e+02
  4.53291407e+02 4.70301372e+02]
 [1.50457587e+02 2.34097527e+02 3.20028114e+02 3.78693464e+02
  4.55158427e+02 4.71401382e+02]
 [1.49656926e+02 2.27969634e+02 3.08711951e+02 3.88632784e+02
  4.57393782e+02 4.72030784e+02]
 [1.47886410e+02 2.18893996e+02 2.97228718e+02 4.00284849e+02
  4.59944804e+02 4.72283740e+02]
 [1.45056197e+02 2.08064093e+02 2.85518412e+02 4.12543279e+02
  4.62740131e+02 4.72294562e+02]
 [1.41103225e+02 1.96267767e+02 2.73438017e+02 4.24652195e+02
  4.65697835e+02 4.72229552e+02]
 [1.35990605e+02 1.83952372e+02 2.60765828e+02 4.36127706e+02
  4.68733409e+02 4.72271216e+02]
 [1.29706546e+02 1.71320102e+02 2.47222570e+02 4.46665901e+02
  4.71766411e+02 4.72594674e+02]
 [1.22262951e+02 1.58408636e+02 2.32507536e+02 4.56081048e+02
  4.73339529e+02 4.74725028e+02]
 [1.13693788e+02 1.45155928e+02 2.16342108e+02 4.64270899e+02
  4.74583898e+02 4.77548334e+02]
 [1.04053294e+02 1.31452778e+02 1.98509889e+02 4.71198824e+02
  4.76328312e+02 4.80186499e+02]
 [9.34140690e+01 1.17184348e+02 1.78884367e+02 4.76884368e+02
  4.78494479e+02 4.82599509e+02]
 [8.18651022e+01 1.02260495e+02 1.57440504e+02 4.80938604e+02
  4.81396286e+02 4.84755130e+02]
 [6.95097392e+01 8.66350501e+01 1.34252300e+02 4.83474367e+02
  4.84844210e+02 4.86626818e+02]
 [5.64636317e+01 7.03151041e+01 1.09481396e+02 4.85899035e+02
  4.87366862e+02 4.88192104e+02]
 [4.28526736e+01 5.33621039e+01 8.33616855e+01 4.88017400e+02
  4.89116344e+02 4.89431763e+02]
 [2.88109385e+01 3.58867895e+01 5.61832132e+01 4.89660771e+02
  4.90239561e+02 4.90329763e+02]
 [1.44786232e+01 1.80398743e+01 2.82768474e+01 4.90700408e+02
  4.90859032e+02 4.90873793e+02]
 [4.57696679e-06 5.84793732e-06 9.13543571e-06 4.91056033e+02
  4.91056033e+02 4.91056033e+02]
 [1.28544055e+01 1.28544055e+01 2.36707527e+01 4.90886519e+02
  4.90895878e+02 4.90895878e+02]
 [2.55161073e+01 2.55161073e+01 4.72234988e+01 4.90368452e+02
  4.90421122e+02 4.90421122e+02]
 [3.77958372e+01 3.77958372e+01 7.05424596e+01 4.89474239e+02
  4.89648778e+02 4.89648778e+02]
 [4.95113652e+01 4.95113652e+01 9.35162546e+01 4.88161077e+02
  4.88606791e+02 4.88606791e+02]
 [6.04914377e+01 6.04914377e+01 1.16039952e+02 4.86375380e+02
  4.87333302e+02 4.87333302e+02]
 [7.05801985e+01 7.05801985e+01 1.38016933e+02 4.84058306e+02
  4.85875427e+02 4.85875427e+02]
 [7.96422048e+01 7.96422048e+01 1.59360495e+02 4.81151861e+02
  4.84287392e+02 4.84287392e+02]
 [8.75680538e+01 8.75680538e+01 1.79995083e+02 4.77605020e+02
  4.82627956e+02 4.82627956e+02]
 [9.42804897e+01 9.42804897e+01 1.99857027e+02 4.73379368e+02
  4.80957147e+02 4.80957147e+02]
 [9.97406389e+01 9.97406389e+01 2.18894577e+02 4.68453929e+02
  4.79332511e+02 4.79332511e+02]
 [1.03953767e+02 1.03953767e+02 2.37066917e+02 4.62829037e+02
  4.77805267e+02 4.77805267e+02]
 [1.06973691e+02 1.06973691e+02 2.54341633e+02 4.56529489e+02
  4.76416908e+02 4.76416908e+02]
 [1.08904774e+02 1.08904774e+02 2.70689663e+02 4.49607787e+02
  4.75196822e+02 4.75196822e+02]
 [1.09900347e+02 1.09900347e+02 2.86075862e+02 4.42149362e+02
  4.74161378e+02 4.74161378e+02]
 [1.10156395e+02 1.10156395e+02 3.00441328e+02 4.34283854e+02
  4.73314692e+02 4.73314692e+02]
 [1.09899579e+02 1.09899579e+02 3.13668962e+02 4.26211399e+02
  4.72650927e+02 4.72650927e+02]
 [1.09369164e+02 1.09369164e+02 3.25513462e+02 4.18263382e+02
  4.72157694e+02 4.72157694e+02]
 [1.08793424e+02 1.08793424e+02 3.35459788e+02 4.11034432e+02
  4.71819960e+02 4.71819960e+02]
 [1.08362844e+02 1.08362844e+02 3.42497329e+02 4.05599406e+02
  4.71623823e+02 4.71623823e+02]
 [1.08204431e+02 1.08204431e+02 3.45131743e+02 4.03494349e+02
  4.71559597e+02 4.71559597e+02]]
