[0.         0.00910031 0.01820063 0.02730094 0.03640125 0.04550157
 0.05460188 0.0637022  0.07280251 0.08190282 0.09100314 0.10010345
 0.10920376 0.11830408 0.12740439 0.13650471 0.14560502 0.15470533
 0.16380565 0.17290596 0.18200627 0.1892007  0.19639513 0.20358956
 0.21078399 0.21797842 0.22517285 0.23236728 0.23956171 0.24675614
 0.25395057 0.261145   0.26833943 0.27553386 0.28272829 0.28992272
 0.29711715 0.30431158 0.31150601 0.31870044 0.32589487 0.33554721
 0.34519955 0.35485189 0.36450423 0.37415657 0.38380891 0.39346125
 0.40311359 0.41276593 0.42241827 0.43207061 0.44172295 0.45137529
 0.46102763 0.47067997 0.48033231 0.48998465 0.499637   0.50928934
 0.51894168 0.52682278 0.53470388 0.54258498 0.55046609 0.55834719
 0.56622829 0.5741094  0.5819905  0.5898716  0.5977527  0.60563381
 0.61351491 0.62139601 0.62927712 0.63715822 0.64503932 0.65292042
 0.66080153 0.66868263 0.67656373]
[[-1.10240142e-05 -8.15605308e-06 -7.07906652e-06  4.81906482e+02
   4.81906482e+02  4.81906482e+02]
 [ 1.71179558e+01  1.71179558e+01  2.37635969e+01  4.81566268e+02
   4.81566268e+02  4.81829755e+02]
 [ 3.40025404e+01  3.40025404e+01  4.74869573e+01  4.80552159e+02
   4.80552159e+02  4.81588199e+02]
 [ 5.04244226e+01  5.04244226e+01  7.11241883e+01  4.78884377e+02
   4.78884377e+02  4.81148566e+02]
 [ 6.61621351e+01  6.61621351e+01  9.46190581e+01  4.76598564e+02
   4.76598564e+02  4.80458299e+02]
 [ 8.10055780e+01  8.10055780e+01  1.17902095e+02  4.73748234e+02
   4.73748234e+02  4.79449553e+02]
 [ 9.47593048e+01  9.47593048e+01  1.40889975e+02  4.70407301e+02
   4.70407301e+02  4.78044316e+02]
 [ 1.07245980e+02  1.07245980e+02  1.63487352e+02  4.66671805e+02
   4.66671805e+02  4.76160185e+02]
 [ 1.18310694e+02  1.18310694e+02  1.85590881e+02  4.62659797e+02
   4.62659797e+02  4.73716281e+02]
 [ 1.27827015e+02  1.27827015e+02  2.07094930e+02  4.58508328e+02
   4.58508328e+02  4.70638787e+02]
 [ 1.35705582e+02  1.35705582e+02  2.27898195e+02  4.54366697e+02
   4.54366697e+02  4.66865608e+02]
 [ 1.41905457e+02  1.41905457e+02  2.47910371e+02  4.50385804e+02
   4.50385804e+02  4.62349703e+02]
 [ 1.46447323e+02  1.46447323e+02  2.67058020e+02  4.46704556e+02
   4.46704556e+02  4.57060794e+02]
 [ 1.49425962e+02  1.49425962e+02  2.85288894e+02  4.43435661e+02
   4.43435661e+02  4.50985230e+02]
 [ 1.51018025e+02  1.51018025e+02  3.02574161e+02  4.40654202e+02
   4.40654202e+02  4.44124038e+02]
 [ 1.51480522e+02  1.51480522e+02  3.18908241e+02  4.36489319e+02
   4.38392330e+02  4.38392330e+02]
 [ 1.51136396e+02  1.51136396e+02  3.34306264e+02  4.28099414e+02
   4.36641956e+02  4.36641956e+02]
 [ 1.50345855e+02  1.50345855e+02  3.48799466e+02  4.18973405e+02
   4.35364938e+02  4.35364938e+02]
 [ 1.49465266e+02  1.49465266e+02  3.62429120e+02  4.09125673e+02
   4.34508054e+02  4.34508054e+02]
 [ 1.48798945e+02  1.48798945e+02  3.75239802e+02  3.98561285e+02
   4.34019086e+02  4.34019086e+02]
 [ 1.48552577e+02  1.48552577e+02  3.87272909e+02  3.87272909e+02
   4.33860607e+02  4.33860607e+02]
 [ 1.49341314e+02  1.49353904e+02  3.83739056e+02  3.89538165e+02
   4.34106770e+02  4.34121296e+02]
 [ 1.51628898e+02  1.51730274e+02  3.79066005e+02  3.90506583e+02
   4.34785923e+02  4.34884839e+02]
 [ 1.55223546e+02  1.55569679e+02  3.73439792e+02  3.90268863e+02
   4.35793919e+02  4.36049509e+02]
 [ 1.59849784e+02  1.60684737e+02  3.67069859e+02  3.89002395e+02
   4.37033846e+02  4.37446781e+02]
 [ 1.65168983e+02  1.66839629e+02  3.60179823e+02  3.86915109e+02
   4.38431085e+02  4.38896843e+02]
 [ 1.70796546e+02  1.73774906e+02  3.53015018e+02  3.84205174e+02
   4.39933097e+02  4.40248894e+02]
 [ 1.76312863e+02  1.81225549e+02  3.45856525e+02  3.81047803e+02
   4.41394975e+02  4.41503188e+02]
 [ 1.81270981e+02  1.88931131e+02  3.39032935e+02  3.77599007e+02
   4.42267423e+02  4.43113378e+02]
 [ 1.85210737e+02  1.96639343e+02  3.32919454e+02  3.74005064e+02
   4.42831002e+02  4.44738335e+02]
 [ 1.87695078e+02  2.04105259e+02  3.27910091e+02  3.70411682e+02
   4.43075229e+02  4.46350911e+02]
 [ 1.88381511e+02  2.11089168e+02  3.24351702e+02  3.66970184e+02
   4.43008495e+02  4.47919333e+02]
 [ 1.87117700e+02  2.17356115e+02  3.22452185e+02  3.63838815e+02
   4.42654031e+02  4.49405952e+02]
 [ 1.84012925e+02  2.22680663e+02  3.22211805e+02  3.61176856e+02
   4.42047344e+02  4.50767432e+02]
 [ 1.79433828e+02  2.26859984e+02  3.23429158e+02  3.59129245e+02
   4.41234728e+02  4.51956219e+02]
 [ 1.73927487e+02  2.29735788e+02  3.25777760e+02  3.57801695e+02
   4.40272564e+02  4.52923051e+02]
 [ 1.68124393e+02  2.31220020e+02  3.28898448e+02  3.57231745e+02
   4.39227144e+02  4.53620280e+02]
 [ 1.62663145e+02  2.31313302e+02  3.32462228e+02  3.57367129e+02
   4.38174651e+02  4.54005695e+02]
 [ 1.58140262e+02  2.30105321e+02  3.36195893e+02  3.58062914e+02
   4.37200711e+02  4.54046561e+02]
 [ 1.55069369e+02  2.27755258e+02  3.39883704e+02  3.59100323e+02
   4.36398487e+02  4.53723598e+02]
 [ 1.53839138e+02  2.24461278e+02  3.43359159e+02  3.60219747e+02
   4.35863873e+02  4.53034623e+02]
 [ 1.54278639e+02  2.33276086e+02  3.33182160e+02  3.58668778e+02
   4.37178568e+02  4.55352263e+02]
 [ 1.54174862e+02  2.36758081e+02  3.22676796e+02  3.61166989e+02
   4.38919725e+02  4.57088653e+02]
 [ 1.53384440e+02  2.34766551e+02  3.11942849e+02  3.67846033e+02
   4.41087870e+02  4.58268032e+02]
 [ 1.51782997e+02  2.28404596e+02  3.01040521e+02  3.77660569e+02
   4.43652997e+02  4.58964161e+02]
 [ 1.49268228e+02  2.19151905e+02  2.89973684e+02  3.89210510e+02
   4.46558617e+02  4.59297133e+02]
 [ 1.45761615e+02  2.08205338e+02  2.78673743e+02  4.01363915e+02
   4.49728626e+02  4.59426848e+02]
 [ 1.41209073e+02  1.96343160e+02  2.66991341e+02  4.13366112e+02
   4.53075550e+02  4.59540430e+02]
 [ 1.35580757e+02  1.84003118e+02  2.54702212e+02  4.24747002e+02
   4.56508679e+02  4.59832109e+02]
 [ 1.28870211e+02  1.71380928e+02  2.41529972e+02  4.35221664e+02
   4.59940868e+02  4.60476605e+02]
 [ 1.21093034e+02  1.58508679e+02  2.27182837e+02  4.44624670e+02
   4.61600549e+02  4.63293295e+02]
 [ 1.12285175e+02  1.45316744e+02  2.11395693e+02  4.52871844e+02
   4.63259222e+02  4.66497926e+02]
 [ 1.02500983e+02  1.31685049e+02  1.93966893e+02  4.59938552e+02
   4.65425618e+02  4.69497935e+02]
 [ 9.18110997e+01  1.17485324e+02  1.74782071e+02  4.65846631e+02
   4.67994979e+02  4.72246652e+02]
 [ 8.03002991e+01  1.02613581e+02  1.53822969e+02  4.70654994e+02
   4.70802532e+02  4.74705726e+02]
 [ 6.80653258e+01  8.70119673e+01  1.31164234e+02  4.73648478e+02
   4.74450828e+02  4.76843200e+02]
 [ 5.52128142e+01  7.06801690e+01  1.06963037e+02  4.76323807e+02
   4.77339688e+02  4.78632018e+02]
 [ 4.18573211e+01  5.36776704e+01  8.14456445e+01  4.78632480e+02
   4.79433917e+02  4.80049248e+02]
 [ 2.81194994e+01  3.61188166e+01  5.48932947e+01  4.80408129e+02
   4.80839817e+02  4.81076034e+02]
 [ 1.41244163e+01  1.81627445e+01  2.76282356e+01  4.81525335e+02
   4.81644832e+02  4.81698103e+02]
 [-1.10240142e-05 -8.15605308e-06 -7.07906652e-06  4.81906482e+02
   4.81906482e+02  4.81906482e+02]
 [ 1.27185302e+01  1.27185302e+01  2.32212238e+01  4.81693860e+02
   4.81729029e+02  4.81729029e+02]
 [ 2.52569406e+01  2.52569406e+01  4.63108389e+01  4.81050071e+02
   4.81202209e+02  4.81202209e+02]
 [ 3.74383498e+01  3.74383498e+01  6.91410017e+01  4.79957920e+02
   4.80342572e+02  4.80342572e+02]
 [ 4.90924872e+01  4.90924872e+01  9.15912459e+01  4.78390607e+02
   4.79177434e+02  4.79177434e+02]
 [ 6.00593345e+01  6.00593345e+01  1.13551784e+02  4.76314310e+02
   4.77744362e+02  4.77744362e+02]
 [ 7.01931585e+01  7.01931585e+01  1.34926339e+02  4.73691464e+02
   4.76090255e+02  4.76090255e+02]
 [ 7.93670297e+01  7.93670297e+01  1.55634336e+02  4.70484413e+02
   4.74269861e+02  4.74269861e+02]
 [ 8.74778429e+01  8.74778429e+01  1.75612281e+02  4.66659174e+02
   4.72343633e+02  4.72343633e+02]
 [ 9.44517324e+01  9.44517324e+01  1.94814153e+02  4.62189035e+02
   4.70374877e+02  4.70374877e+02]
 [ 1.00249576e+02  1.00249576e+02  2.13210595e+02  4.57057840e+02
   4.68426346e+02  4.68426346e+02]
 [ 1.04872041e+02  1.04872041e+02  2.30786692e+02  4.51262954e+02
   4.66556561e+02  4.66556561e+02]
 [ 1.08363380e+02  1.08363380e+02  2.47537976e+02  4.44818126e+02
   4.64816346e+02  4.64816346e+02]
 [ 1.10812967e+02  1.10812967e+02  2.63464018e+02  4.37756932e+02
   4.63246086e+02  4.63246086e+02]
 [ 1.12353493e+02  1.12353493e+02  2.78558260e+02  4.30138347e+02
   4.61874221e+02  4.61874221e+02]
 [ 1.13154815e+02  1.13154815e+02  2.92790851e+02  4.22057981e+02
   4.60717239e+02  4.60717239e+02]
 [ 1.13412755e+02  1.13412755e+02  3.06076418e+02  4.13673517e+02
   4.59781165e+02  4.59781165e+02]
 [ 1.13332782e+02  1.13332782e+02  3.18205647e+02  4.05266007e+02
   4.59064221e+02  4.59064221e+02]
 [ 1.13109461e+02  1.13109461e+02  3.28686966e+02  3.97391299e+02
   4.58560142e+02  4.58560142e+02]
 [ 1.12903920e+02  1.12903920e+02  3.36410568e+02  3.91209949e+02
   4.58261534e+02  4.58261534e+02]
 [ 1.12822935e+02  1.12822935e+02  3.39416865e+02  3.88714013e+02
   4.58162703e+02  4.58162703e+02]]
