[0.         0.0091019  0.01820381 0.02730571 0.03640761 0.04550951
 0.05461142 0.06371332 0.07281522 0.08191712 0.09101903 0.10012093
 0.10922283 0.11832474 0.12742664 0.13652854 0.14563044 0.15473235
 0.16383425 0.17293615 0.18203805 0.18923374 0.19642943 0.20362511
 0.2108208  0.21801648 0.22521217 0.23240786 0.23960354 0.24679923
 0.25399491 0.2611906  0.26838629 0.27558197 0.28277766 0.28997334
 0.29716903 0.30436472 0.3115604  0.31875609 0.32595177 0.3356058
 0.34525982 0.35491385 0.36456788 0.3742219  0.38387593 0.39352995
 0.40318398 0.412838   0.42249203 0.43214606 0.44180008 0.45145411
 0.46110813 0.47076216 0.48041618 0.49007021 0.49972424 0.50937826
 0.51903229 0.52691477 0.53479724 0.54267972 0.5505622  0.55844468
 0.56632716 0.57420964 0.58209212 0.5899746  0.59785708 0.60573956
 0.61362203 0.62150451 0.62938699 0.63726947 0.64515195 0.65303443
 0.66091691 0.66879939 0.67668187]
[[1.21746456e-05 1.24700289e-05 1.36370606e-05 4.82224173e+02
  4.82224173e+02 4.82224173e+02]
 [1.70931919e+01 1.70931919e+01 2.41719743e+01 4.81876523e+02
  4.81876523e+02 4.82159846e+02]
 [3.39570457e+01 3.39570457e+01 4.82801856e+01 4.80840686e+02
  4.80840686e+02 4.81953101e+02]
 [5.03654039e+01 5.03654039e+01 7.22577182e+01 4.79138586e+02
  4.79138586e+02 4.81563980e+02]
 [6.60983123e+01 6.60983123e+01 9.60319517e+01 4.76808595e+02
  4.76808595e+02 4.80930181e+02]
 [8.09448420e+01 8.09448420e+01 1.19523117e+02 4.73907853e+02
  4.73907853e+02 4.79972929e+02]
 [9.47058838e+01 9.47058838e+01 1.42644288e+02 4.70514643e+02
  4.70514643e+02 4.78604122e+02]
 [1.07197388e+02 1.07197388e+02 1.65302931e+02 4.66729963e+02
  4.66729963e+02 4.76733930e+02]
 [1.18254837e+02 1.18254837e+02 1.87403881e+02 4.62677224e+02
  4.62677224e+02 4.74277998e+02]
 [1.27739950e+02 1.27739950e+02 2.08853433e+02 4.58498955e+02
  4.58498955e+02 4.71163525e+02]
 [1.35550531e+02 1.35550531e+02 2.29564063e+02 4.54349580e+02
  4.54349580e+02 4.67333653e+02]
 [1.41633720e+02 1.41633720e+02 2.49459216e+02 4.50384053e+02
  4.50384053e+02 4.62749841e+02]
 [1.46001629e+02 1.46001629e+02 2.68477560e+02 4.46743348e+02
  4.46743348e+02 4.57392090e+02]
 [1.48746480e+02 1.48746480e+02 2.86576179e+02 4.43539357e+02
  4.43539357e+02 4.51257133e+02]
 [1.50050707e+02 1.50050707e+02 3.03732282e+02 4.40842928e+02
  4.40842928e+02 4.44354885e+02]
 [1.50186852e+02 1.50186852e+02 3.19943144e+02 4.36703623e+02
  4.38678705e+02 4.38678705e+02]
 [1.49503043e+02 1.49503043e+02 3.35224239e+02 4.28324482e+02
  4.37028735e+02 4.37028735e+02]
 [1.48392316e+02 1.48392316e+02 3.49605702e+02 4.19235953e+02
  4.35844103e+02 4.35844103e+02]
 [1.47247350e+02 1.47247350e+02 3.63127485e+02 4.09449047e+02
  4.35061480e+02 4.35061480e+02]
 [1.46406169e+02 1.46406169e+02 3.75833748e+02 3.98963738e+02
  4.34620542e+02 4.34620542e+02]
 [1.46098582e+02 1.46098582e+02 3.87767151e+02 3.87767151e+02
  4.34478667e+02 4.34478667e+02]
 [1.46935162e+02 1.46945428e+02 3.84264370e+02 3.90017146e+02
  4.34717581e+02 4.34731234e+02]
 [1.49365623e+02 1.49448820e+02 3.79631053e+02 3.90988933e+02
  4.35378072e+02 4.35471296e+02]
 [1.53190084e+02 1.53477045e+02 3.74045180e+02 3.90770101e+02
  4.36360626e+02 4.36602624e+02]
 [1.58117883e+02 1.58819321e+02 3.67709506e+02 3.89531186e+02
  4.37571600e+02 4.37965434e+02]
 [1.63791446e+02 1.65216917e+02 3.60843078e+02 3.87473089e+02
  4.38937916e+02 4.39388288e+02]
 [1.69805989e+02 1.72390899e+02 3.53688983e+02 3.84788724e+02
  4.40407293e+02 4.40726392e+02]
 [1.75721432e+02 1.80061537e+02 3.46528805e+02 3.81649988e+02
  4.41875211e+02 4.41942586e+02]
 [1.81069581e+02 1.87958592e+02 3.39695272e+02 3.78211034e+02
  4.42768373e+02 4.43515143e+02]
 [1.85367092e+02 1.95824301e+02 3.33572363e+02 3.74617259e+02
  4.43370245e+02 4.45099110e+02]
 [1.88151542e+02 2.03411877e+02 3.28567411e+02 3.71014122e+02
  4.43668586e+02 4.46667228e+02]
 [1.89055800e+02 2.10482576e+02 3.25041956e+02 3.67553095e+02
  4.43668920e+02 4.48188177e+02]
 [1.87910407e+02 2.16804579e+02 3.23213095e+02 3.64392808e+02
  4.43390749e+02 4.49625379e+02]
 [1.84821648e+02 2.22157148e+02 3.23078377e+02 3.61693091e+02
  4.42865215e+02 4.50937140e+02]
 [1.80167634e+02 2.26343103e+02 3.24421887e+02 3.59599688e+02
  4.42133866e+02 4.52077989e+02]
 [1.74515345e+02 2.29210064e+02 3.26897542e+02 3.58219695e+02
  4.41248169e+02 4.53001015e+02]
 [1.68517266e+02 2.30675425e+02 3.30128687e+02 3.57593094e+02
  4.40269512e+02 4.53660987e+02]
 [1.62833406e+02 2.30744299e+02 3.33774405e+02 3.57671510e+02
  4.39269304e+02 4.54018004e+02]
 [1.58081274e+02 2.29509827e+02 3.37555272e+02 3.58315350e+02
  4.38328626e+02 4.54041403e+02]
 [1.54795432e+02 2.27133984e+02 3.41253779e+02 3.59312142e+02
  4.37536484e+02 4.53713666e+02]
 [1.53384214e+02 2.23817572e+02 3.44704692e+02 3.60408654e+02
  4.36985387e+02 4.53034042e+02]
 [1.54300505e+02 2.32627969e+02 3.34638277e+02 3.58926907e+02
  4.38382841e+02 4.55316251e+02]
 [1.54665769e+02 2.36015230e+02 3.24212429e+02 3.61535312e+02
  4.40184617e+02 4.57046737e+02]
 [1.54321479e+02 2.33916205e+02 3.13521348e+02 3.68309332e+02
  4.42386892e+02 4.58246360e+02]
 [1.53130426e+02 2.27492409e+02 3.02623415e+02 3.78166480e+02
  4.44958011e+02 4.58982038e+02]
 [1.50979726e+02 2.18241257e+02 2.91525477e+02 3.89706798e+02
  4.47842356e+02 4.59364331e+02]
 [1.47782413e+02 2.07353651e+02 2.80166593e+02 4.01816120e+02
  4.50966752e+02 4.59542499e+02]
 [1.43477952e+02 1.95592801e+02 2.68408162e+02 4.13759209e+02
  4.54248073e+02 4.59694101e+02]
 [1.38031924e+02 1.83378055e+02 2.56037031e+02 4.25081545e+02
  4.57600687e+02 4.60007164e+02]
 [1.31435079e+02 1.70886553e+02 2.42785215e+02 4.35508633e+02
  4.60655217e+02 4.60942667e+02]
 [1.23701914e+02 1.58134571e+02 2.28364455e+02 4.44880300e+02
  4.61768988e+02 4.64200069e+02]
 [1.14868889e+02 1.45041810e+02 2.12507918e+02 4.53113123e+02
  4.63411716e+02 4.67309122e+02]
 [1.04992399e+02 1.31483774e+02 1.95008488e+02 4.60179874e+02
  4.65565533e+02 4.70216526e+02]
 [9.41465720e+01 1.17333560e+02 1.75745047e+02 4.66097921e+02
  4.68133102e+02 4.72878412e+02]
 [8.24209975e+01 1.02492643e+02 1.54693609e+02 4.70921267e+02
  4.70953334e+02 4.75258598e+02]
 [6.99184479e+01 8.69104728e+01 1.31925476e+02 4.73825756e+02
  4.74732891e+02 4.77326798e+02]
 [5.67526542e+01 7.05937803e+01 1.07597164e+02 4.76536978e+02
  4.77635497e+02 4.79057250e+02]
 [4.30461845e+01 5.36073379e+01 8.19365529e+01 4.78884317e+02
  4.79740061e+02 4.80428032e+02]
 [2.89284494e+01 3.60683117e+01 5.52280332e+01 4.80694153e+02
  4.81152714e+02 4.81421071e+02]
 [1.45338421e+01 1.81362006e+01 2.77978702e+01 4.81834733e+02
  4.81961385e+02 4.82022660e+02]
 [1.21746456e-05 1.24700289e-05 1.36370606e-05 4.82224173e+02
  4.82224173e+02 4.82224173e+02]
 [1.29136271e+01 1.29136271e+01 2.32960860e+01 4.82007433e+02
  4.82047930e+02 4.82047930e+02]
 [2.56440237e+01 2.56440237e+01 4.64625733e+01 4.81351595e+02
  4.81525049e+02 4.81525049e+02]
 [3.80111251e+01 3.80111251e+01 6.93734062e+01 4.80240353e+02
  4.80672977e+02 4.80672977e+02]
 [4.98413549e+01 4.98413549e+01 9.19094724e+01 4.78648329e+02
  4.79520454e+02 4.79520454e+02]
 [6.09712610e+01 6.09712610e+01 1.13961719e+02 4.76543575e+02
  4.78106882e+02 4.78106882e+02]
 [7.12516070e+01 7.12516070e+01 1.35433836e+02 4.73890739e+02
  4.76481233e+02 4.76481233e+02]
 [8.05520298e+01 8.05520298e+01 1.56244353e+02 4.70654599e+02
  4.74700343e+02 4.74700343e+02]
 [8.87662863e+01 8.87662863e+01 1.76328004e+02 4.66803684e+02
  4.72826469e+02 4.72826469e+02]
 [9.58179709e+01 9.58179709e+01 1.95636177e+02 4.62313721e+02
  4.70924128e+02 4.70924128e+02]
 [1.01666372e+02 1.01666372e+02 2.14136285e+02 4.57170757e+02
  4.69056347e+02 4.69056347e+02]
 [1.06311869e+02 1.06311869e+02 2.31809818e+02 4.51373920e+02
  4.67280713e+02 4.67280713e+02]
 [1.09800016e+02 1.09800016e+02 2.48648731e+02 4.44938061e+02
  4.65645725e+02 4.65645725e+02]
 [1.12223234e+02 1.12223234e+02 2.64649540e+02 4.37896906e+02
  4.64188050e+02 4.64188050e+02]
 [1.13718986e+02 1.13718986e+02 2.79803749e+02 4.30308266e+02
  4.62931194e+02 4.62931194e+02]
 [1.14463400e+02 1.14463400e+02 2.94081426e+02 4.22264763e+02
  4.61885867e+02 4.61885867e+02]
 [1.14659629e+02 1.14659629e+02 3.07399919e+02 4.13918535e+02
  4.61051955e+02 4.61051955e+02]
 [1.14520912e+02 1.14520912e+02 3.19556595e+02 4.05541518e+02
  4.60421739e+02 4.60421739e+02]
 [1.14249231e+02 1.14249231e+02 3.30070807e+02 3.97676698e+02
  4.59983732e+02 4.59983732e+02]
 [1.14011905e+02 1.14011905e+02 3.37839495e+02 3.91476487e+02
  4.59726482e+02 4.59726482e+02]
 [1.13919840e+02 1.13919840e+02 3.40873977e+02 3.88961200e+02
  4.59641730e+02 4.59641730e+02]]
