[0.         0.00910996 0.01821992 0.02732988 0.03643984 0.0455498
 0.05465976 0.06376972 0.07287968 0.08198964 0.0910996  0.10020956
 0.10931952 0.11842948 0.12753944 0.1366494  0.14575937 0.15486933
 0.16397929 0.17308925 0.18219921 0.18940126 0.19660332 0.20380537
 0.21100743 0.21820949 0.22541154 0.2326136  0.23981565 0.24701771
 0.25421977 0.26142182 0.26862388 0.27582593 0.28302799 0.29023005
 0.2974321  0.30463416 0.31183621 0.31903827 0.32624033 0.3359029
 0.34556547 0.35522804 0.36489061 0.37455319 0.38421576 0.39387833
 0.4035409  0.41320347 0.42286605 0.43252862 0.44219119 0.45185376
 0.46151634 0.47117891 0.48084148 0.49050405 0.50016662 0.5098292
 0.51949177 0.52738122 0.53527068 0.54316014 0.5510496  0.55893905
 0.56682851 0.57471797 0.58260742 0.59049688 0.59838634 0.6062758
 0.61416525 0.62205471 0.62994417 0.63783362 0.64572308 0.65361254
 0.66150199 0.66939145 0.67728091]
[[8.87943897e-06 1.01142746e-05 1.04895287e-05 4.89861916e+02
  4.89861916e+02 4.89861916e+02]
 [1.67598058e+01 1.67598058e+01 2.42417595e+01 4.89398204e+02
  4.89398204e+02 4.89805021e+02]
 [3.33148392e+01 3.33148392e+01 4.83598628e+01 4.88018692e+02
  4.88018692e+02 4.89618204e+02]
 [4.94619810e+01 4.94619810e+01 7.22371121e+01 4.85759270e+02
  4.85759270e+02 4.89254948e+02]
 [6.50009122e+01 6.50009122e+01 9.57684467e+01 4.82682911e+02
  4.82682911e+02 4.88643685e+02]
 [7.97344917e+01 7.97344917e+01 1.18865164e+02 4.78883596e+02
  4.78883596e+02 4.87695677e+02]
 [9.34685821e+01 9.34685821e+01 1.41457198e+02 4.74490149e+02
  4.74490149e+02 4.86314173e+02]
 [1.06012218e+02 1.06012218e+02 1.63493246e+02 4.69668373e+02
  4.69668373e+02 4.84403466e+02]
 [1.17179794e+02 1.17179794e+02 1.84938818e+02 4.64619420e+02
  4.64619420e+02 4.81876593e+02]
 [1.26797586e+02 1.26797586e+02 2.05772621e+02 4.59572184e+02
  4.59572184e+02 4.78660810e+02]
 [1.34716922e+02 1.34716922e+02 2.25981905e+02 4.54767846e+02
  4.54767846e+02 4.74700376e+02]
 [1.40835100e+02 1.40835100e+02 2.45557562e+02 4.50436211e+02
  4.50436211e+02 4.69956688e+02]
 [1.45122279e+02 1.45122279e+02 2.64489777e+02 4.46766362e+02
  4.46766362e+02 4.64406196e+02]
 [1.47648503e+02 1.47648503e+02 2.82764882e+02 4.43877850e+02
  4.43877850e+02 4.58036843e+02]
 [1.48601865e+02 1.48601865e+02 3.00363840e+02 4.41801185e+02
  4.41801185e+02 4.50843889e+02]
 [1.48288999e+02 1.48288999e+02 3.17262420e+02 4.40475192e+02
  4.40475192e+02 4.42826006e+02]
 [1.47113320e+02 1.47113320e+02 3.33432836e+02 4.33982333e+02
  4.39763459e+02 4.39763459e+02]
 [1.45532461e+02 1.45532461e+02 3.48846351e+02 4.24310927e+02
  4.39485349e+02 4.39485349e+02]
 [1.44000926e+02 1.44000926e+02 3.63476189e+02 4.13808718e+02
  4.39452918e+02 4.39452918e+02]
 [1.42906500e+02 1.42906500e+02 3.77300103e+02 4.02472724e+02
  4.39505334e+02 4.39505334e+02]
 [1.42510855e+02 1.42510855e+02 3.90302061e+02 3.90302061e+02
  4.39535323e+02 4.39535323e+02]
 [1.43228387e+02 1.43232128e+02 3.86517676e+02 3.92773131e+02
  4.39670677e+02 4.39692686e+02]
 [1.45332606e+02 1.45358130e+02 3.81567886e+02 3.93866104e+02
  4.40019962e+02 4.40178485e+02]
 [1.48700450e+02 1.48762864e+02 3.75645176e+02 3.93628255e+02
  4.40502411e+02 4.40953902e+02]
 [1.53158672e+02 1.53232441e+02 3.68963785e+02 3.92209847e+02
  4.41060919e+02 4.41911917e+02]
 [1.58475220e+02 1.58504524e+02 3.61756500e+02 3.89821775e+02
  4.41668757e+02 4.42916718e+02]
 [1.64133062e+02 1.64521993e+02 3.54283739e+02 3.86691841e+02
  4.42324789e+02 4.43844356e+02]
 [1.69790691e+02 1.70991767e+02 3.46847046e+02 3.83040511e+02
  4.43044193e+02 4.44603930e+02]
 [1.74985007e+02 1.77695367e+02 3.39799605e+02 3.79074855e+02
  4.43848436e+02 4.45140684e+02]
 [1.79223308e+02 1.84415254e+02 3.33543415e+02 3.74991294e+02
  4.44756141e+02 4.45430273e+02]
 [1.82026239e+02 1.90933322e+02 3.28497855e+02 3.70979906e+02
  4.45470994e+02 4.45775601e+02]
 [1.83008809e+02 1.97030384e+02 3.25027394e+02 3.67226249e+02
  4.45276989e+02 4.46899363e+02]
 [1.81986920e+02 2.02489366e+02 3.23341886e+02 3.63908258e+02
  4.44873244e+02 4.48101239e+02]
 [1.79055996e+02 2.07104626e+02 3.23423258e+02 3.61186425e+02
  4.44292385e+02 4.49335965e+02]
 [1.74585395e+02 2.10698387e+02 3.25034671e+02 3.59186758e+02
  4.43572974e+02 4.50541537e+02]
 [1.69133308e+02 2.13142086e+02 3.27806363e+02 3.57979041e+02
  4.42758952e+02 4.51643970e+02]
 [1.63341001e+02 2.14376188e+02 3.31337070e+02 3.57557011e+02
  4.41899813e+02 4.52563993e+02]
 [1.57852112e+02 2.14419834e+02 3.35261868e+02 3.57829298e+02
  4.41051001e+02 4.53224947e+02]
 [1.53260204e+02 2.13364885e+02 3.39279196e+02 3.58626904e+02
  4.40273848e+02 4.53561067e+02]
 [1.50067349e+02 2.11356363e+02 3.43152294e+02 3.59725786e+02
  4.39634190e+02 4.53525338e+02]
 [1.48642462e+02 2.08567309e+02 3.46700568e+02 3.60877207e+02
  4.39198727e+02 4.53096162e+02]
 [1.49929052e+02 2.16131658e+02 3.36466926e+02 3.59129979e+02
  4.40440556e+02 4.54822335e+02]
 [1.50903157e+02 2.19720985e+02 3.25852706e+02 3.60922593e+02
  4.42309003e+02 4.56261223e+02]
 [1.51357108e+02 2.19389152e+02 3.14923804e+02 3.66329153e+02
  4.44779643e+02 4.57443243e+02]
 [1.51079741e+02 2.15867407e+02 3.03714495e+02 3.74696193e+02
  4.47771637e+02 4.58408052e+02]
 [1.49872358e+02 2.10068147e+02 2.92223707e+02 3.85079707e+02
  4.51164029e+02 4.59208394e+02]
 [1.47563289e+02 2.02689618e+02 2.80406211e+02 3.96615418e+02
  4.54816563e+02 4.59917849e+02]
 [1.44019520e+02 1.94112893e+02 2.68162767e+02 4.08633734e+02
  4.58590368e+02 4.60637187e+02]
 [1.39154463e+02 1.84472355e+02 2.55334902e+02 4.20631637e+02
  4.61493858e+02 4.62364471e+02]
 [1.32931527e+02 1.73768354e+02 2.41710045e+02 4.32219018e+02
  4.62630670e+02 4.66045614e+02]
 [1.25363598e+02 1.61962213e+02 2.27040429e+02 4.43083515e+02
  4.64183014e+02 4.69570554e+02]
 [1.16508860e+02 1.49037543e+02 2.11074421e+02 4.52977615e+02
  4.66248720e+02 4.72901675e+02]
 [1.06463657e+02 1.35029632e+02 1.93593762e+02 4.61719576e+02
  4.68858771e+02 4.76017984e+02]
 [9.53532878e+01 1.20030642e+02 1.74447451e+02 4.69198793e+02
  4.71958265e+02 4.78904273e+02]
 [8.33217708e+01 1.04179175e+02 1.53574459e+02 4.75378618e+02
  4.75403976e+02 4.81541286e+02]
 [7.05216860e+01 8.76414808e+01 1.31012203e+02 4.78979205e+02
  4.80292509e+02 4.83899240e+02]
 [5.71051837e+01 7.05900621e+01 1.06892465e+02 4.82421486e+02
  4.84031907e+02 4.85936047e+02]
 [4.32171241e+01 5.31841775e+01 8.14290918e+01 4.85456375e+02
  4.86726320e+02 4.87600376e+02]
 [2.89910450e+01 3.55559090e+01 5.49017531e+01 4.87831006e+02
  4.88517832e+02 4.88838520e+02]
 [1.45482705e+01 1.78044834e+01 2.76387136e+01 4.89342957e+02
  4.89533732e+02 4.89603181e+02]
 [8.87943897e-06 1.01142746e-05 1.04895287e-05 4.89861916e+02
  4.89861916e+02 4.89861916e+02]
 [1.28051159e+01 1.28051159e+01 2.31234687e+01 4.89585808e+02
  4.89631217e+02 4.89631217e+02]
 [2.54161504e+01 2.54161504e+01 4.62114785e+01 4.88749784e+02
  4.88949879e+02 4.88949879e+02]
 [3.76410412e+01 3.76410412e+01 6.92222255e+01 4.87332091e+02
  4.87849771e+02 4.87849771e+02]
 [4.92921068e+01 4.92921068e+01 9.21021322e+01 4.85300758e+02
  4.86382650e+02 4.86382650e+02]
 [6.01891009e+01 6.01891009e+01 1.14782081e+02 4.82619370e+02
  4.84617973e+02 4.84617973e+02]
 [7.01633004e+01 7.01633004e+01 1.37175759e+02 4.79253970e+02
  4.82639610e+02 4.82639610e+02]
 [7.90629195e+01 7.90629195e+01 1.59180232e+02 4.75180199e+02
  4.80541318e+02 4.80541318e+02]
 [8.67600002e+01 8.67600002e+01 1.80678596e+02 4.70389795e+02
  4.78420928e+02 4.78420928e+02]
 [9.31586734e+01 9.31586734e+01 2.01544324e+02 4.64895707e+02
  4.76373478e+02 4.76373478e+02]
 [9.82042958e+01 9.82042958e+01 2.21646854e+02 4.58735246e+02
  4.74483781e+02 4.74483781e+02]
 [1.01892523e+02 1.01892523e+02 2.40857864e+02 4.51970920e+02
  4.72819345e+02 4.72819345e+02]
 [1.04276976e+02 1.04276976e+02 2.59057597e+02 4.44688868e+02
  4.71424750e+02 4.71424750e+02]
 [1.05473926e+02 1.05473926e+02 2.76140329e+02 4.36995254e+02
  4.70318610e+02 4.70318610e+02]
 [1.05662421e+02 1.05662421e+02 2.92017379e+02 4.29011872e+02
  4.69493828e+02 4.69493828e+02]
 [1.05078384e+02 1.05078384e+02 3.06614377e+02 4.20874145e+02
  4.68921259e+02 4.68921259e+02]
 [1.04001416e+02 1.04001416e+02 3.19855148e+02 4.12739351e+02
  4.68556152e+02 4.68556152e+02]
 [1.02733272e+02 1.02733272e+02 3.31612554e+02 4.04825313e+02
  4.68346254e+02 4.68346254e+02]
 [1.01567925e+02 1.01567925e+02 3.41572306e+02 3.97534606e+02
  4.68240271e+02 4.68240271e+02]
 [1.00755296e+02 1.00755296e+02 3.48887881e+02 3.91787603e+02
  4.68195513e+02 4.68195513e+02]
 [1.00464446e+02 1.00464446e+02 3.51768917e+02 3.89423698e+02
  4.68183861e+02 4.68183861e+02]]
